-0.02 -0.02 100.0
-0.01 -0.02 100.0
0.00 -0.02 100.0
0.01 -0.02 100.0
0.02 -0.02 100.0
-0.02 -0.01 100.0
-0.01 -0.01 100.0
0.00 -0.01 100.0
0.01 -0.01 100.0
0.02 -0.01 100.0
-0.02 0.00 100.0
-0.01 0.00 100.0
0.00 0.00 100.0
0.01 0.00 100.0
0.02 0.00 100.0
-0.02 0.01 100.0
-0.01 0.01 100.0
0.00 0.01 100.0
0.01 0.01 100.0
0.02 0.01 100.0
-0.02 0.02 100.0
-0.01 0.02 100.0
0.00 0.02 100.0
0.01 0.02 100.0
0.02 0.02 100.0
-0.02 -0.02 500.0
-0.01 -0.02 500.0
0.00 -0.02 500.0
0.01 -0.02 500.0
0.02 -0.02 500.0
-0.02 -0.01 500.0
-0.01 -0.01 500.0
0.00 -0.01 500.0
0.01 -0.01 500.0
0.02 -0.01 500.0
-0.02 0.00 500.0
-0.01 0.00 500.0
0.00 0.00 500.0
0.01 0.00 500.0
0.02 0.00 500.0
-0.02 0.01 500.0
-0.01 0.01 500.0
0.00 0.01 500.0
0.01 0.01 500.0
0.02 0.01 500.0
-0.02 0.02 500.0
-0.01 0.02 500.0
0.00 0.02 500.0
0.01 0.02 500.0
0.02 0.02 500.0
-0.02 -0.02 1500.0
-0.01 -0.02 1500.0
0.00 -0.02 1500.0
0.01 -0.02 1500.0
0.02 -0.02 1500.0
-0.02 -0.01 1500.0
-0.01 -0.01 1500.0
0.00 -0.01 1500.0
0.01 -0.01 1500.0
0.02 -0.01 1500.0
-0.02 0.00 1500.0
-0.01 0.00 1500.0
0.00 0.00 1500.0
0.01 0.00 1500.0
0.02 0.00 1500.0
-0.02 0.01 1500.0
-0.01 0.01 1500.0
0.00 0.01 1500.0
0.01 0.01 1500.0
0.02 0.01 1500.0
-0.02 0.02 1500.0
-0.01 0.02 1500.0
0.00 0.02 1500.0
0.01 0.02 1500.0
0.02 0.02 1500.0
-0.02 -0.02 2500.0
-0.01 -0.02 2500.0
0.00 -0.02 2500.0
0.01 -0.02 2500.0
0.02 -0.02 2500.0
-0.02 -0.01 2500.0
-0.01 -0.01 2500.0
0.00 -0.01 2500.0
0.01 -0.01 2500.0
0.02 -0.01 2500.0
-0.02 0.00 2500.0
-0.01 0.00 2500.0
0.00 0.00 2500.0
0.01 0.00 2500.0
0.02 0.00 2500.0
-0.02 0.01 2500.0
-0.01 0.01 2500.0
0.00 0.01 2500.0
0.01 0.01 2500.0
0.02 0.01 2500.0
-0.02 0.02 2500.0
-0.01 0.02 2500.0
0.00 0.02 2500.0
0.01 0.02 2500.0
0.02 0.02 2500.0
-0.02 -0.02 4000.0
-0.01 -0.02 4000.0
0.00 -0.02 4000.0
0.01 -0.02 4000.0
0.02 -0.02 4000.0
-0.02 -0.01 4000.0
-0.01 -0.01 4000.0
0.00 -0.01 4000.0
0.01 -0.01 4000.0
0.02 -0.01 4000.0
-0.02 0.00 4000.0
-0.01 0.00 4000.0
0.00 0.00 4000.0
0.01 0.00 4000.0
0.02 0.00 4000.0
-0.02 0.01 4000.0
-0.01 0.01 4000.0
0.00 0.01 4000.0
0.01 0.01 4000.0
0.02 0.01 4000.0
-0.02 0.02 4000.0
-0.01 0.02 4000.0
0.00 0.02 4000.0
0.01 0.02 4000.0
0.02 0.02 4000.0
